#!/bin/zsh

# https://item.taobao.com/item.htm?spm=a230r.1.14.20.43f3484cIuiCfE&id=554433335913&ns=1&abbucket=8#detail
# https://item.taobao.com/item.htm?spm=a230r.1.14.40.43f3484cIuiCfE&id=540783236730&ns=1&abbucket=8#detail
# https://item.taobao.com/item.htm?spm=a230r.1.14.16.396427bdkyYwKq&id=526973604640&ns=1&abbucket=8#detail

# 180417
table_180417="4430 740 6294
4440 740 6481
4460 780 6695
4570 780 7093
4590 815 7271
4670 795 7418
4690 845 7628
1230v3 1055 9328
1231v3 1155 9640
4770 1360 9796
4790 1465 9997
4790k 1730 11189"

# 180708
table_180708="4430 685 6294
4440 690 6481
4460 715 6695
4570 700 7093
4590 730 7271
4670 710 7418
4690 740 7628
1230v3 909 9328
1231v3 980 9640
4770 1090 9796
4790 1235 9997
4770k 1200 10107
4790k 1300 11189"

# 180925
table_180925="4430 700 6294
4440 705 6481
4460 735 6695
4570 720 7093
4590 745 7271
4670 745 7418
4690 768 7628
1230v3 940 9328
1231v3 980 9640
4770 1090 9796
4790 1190 9997
4770k 1150 10107
4790k 1200 11189"

# 181022
table="4430 640 6294
4440 645 6481
4460 660 6695
4570 665 7093
4590 685 7271
4670 710 7418
4690 758 7628
1230v3 908 9328
1231v3 956 9640
4770 1075 9796
4790 1190 9997
4770k 1100 10107
4790k 1190 11189"

echo $table | awk '{printf("%6s  %6.2f  %6.2f  %5d\n", $1, $3 / $2, ($3 - 7271) * 100 / 7271, $2)}'
